0.0018172999999706008
0.0011898999999857551
0.002339900000038142
0.0012151000000812928
0.002363700000046265
0.001352399999973386
0.0014787000000069384
0.00202430000001641
0.0020655000000715518
0.002513499999963642
0.0013369999999213178
0.001301699999999073
0.0018100999999433043
0.0016628999999284133
0.0013937999999598105
0.0013746999999284526
0.0013012000000571788
0.0025738000000501415
0.002123299999993833
0.002017900000055306
0.0027194000001600216
0.001205000000027212
0.0011924000000362867
0.0015103999999155349
0.0013946000001396897
0.0016175000000657747
0.002415000000155487
0.0015760000001137087
0.0014373000001342007
0.0020049999998263957
0.0016311999997924431
0.0017634000000725791
0.001828700000032768
0.001443899999912901
0.0017832999999427557
0.0016626999999971304
0.001719500000035623
0.002551499999981388
0.0015474000001631794
0.0028088999999908992
0.0013495999999122432
0.0023118999999951484
0.0017096999999921536
0.0015319000001454697
0.0013926999999966938
0.001479999999901338
0.0018551000000570639
0.0015230999999857886
0.0014773000000332104
0.0015197000000171101
0.0015161000001171487
0.001894499999934851
0.00181550000002062
0.002346499999930529
0.002294599999913771
0.00127569999995103
0.0011618000000908069
0.0021228999999038933
0.0019575999999688065
0.0016012999999475142
0.0020473999998102954
0.0014197000000422122
0.001433600000154911
0.0020156000000497443
0.0011728999998013023
0.001544700000067678
0.0015960000000632135
0.0020494000000326196
0.0017198000000462343
0.0013386000000537024
0.001998100000037084
0.001934599999913189
0.0020688999998128565
0.002229700000043522
0.0015342000001510314
0.0015988000000106695
0.0013415000000804866
0.0022042000000510598
0.0019987999999102612
0.0025800999999319174
0.0018188000001373439
0.0014301999999588588
0.0014378999999280495
0.0016206999998757965
0.0017823000000589673
0.0016293000001041946
0.001253299999916635
0.0016614999999546853
0.0015931000000364293
0.001467499999989741
0.0013739999999415886
0.002005800000006275
0.0013132999999925232
0.0018438000001879118
0.003219600000193168
0.002083500000026106
0.0018376000000444037
0.0027635000001282606
0.0016141000000970962
0.0021306999999524123
0.0017057000000022526
0.0019855000000461587
0.001551500000005035
0.0019145000001117296
0.0012792999998509913
0.001142000000072585
0.0021463000000494503
0.0010672999999314925
0.0017545000000609434
0.001701299999922412
0.002249300000130461
0.0019486000001052162
0.0020787000000836997
0.0019918000000416214
0.0018121000000519416
0.0025178999999297957
0.002041500000132146
0.002135100000032253
0.0019216000000596978
0.00198669999986123
0.002078100000062477
0.0017884999999751017
0.001703000000134125
0.0015970000001743756
0.0017490000000179862
0.0021638000000621105
0.002215799999930823
0.002713600000106453
0.0015382000001409324
0.001855599999998958
0.0013437999998586747
0.001662900000155787
0.0013908000000810716
0.001320600000099148
0.001644500000111293
0.0013553999999658117
0.0013377000000218686
0.0016387999999096792
0.0022931999997126695
0.0015957000000526023
0.002347599999666272
0.0024557000001550477
0.0021212000001469278
0.0027162999999745807
0.0025974999998652493
0.0021322000002328423
0.0019292000001769338
0.0023667000000386906
0.002376099999764847
0.0018926000002466026
0.002201400000103604
0.0023757999997542356
0.00257129999999961
0.0017554000000927772
0.0017138999996859638
0.0026345999999648484
0.002938900000117428
0.0020516999998108076
0.0016479000000799715
0.0020813000000998727
0.0023098000001482433
0.0023906999999780965
0.0022358000001077016
0.002127400000063062
0.002421199999844248
0.002132800000254065
0.0017686000001049251
0.0023330000003625173
0.0018992999998772575
0.0020712999998977466
0.0025024000001394597
0.0020124999996369297
0.0018487000002096465
0.0027088000001640467
0.002136999999947875
0.002238299999589799
0.0037244999998620187
0.0012424000001374225
0.0017822999998315936
0.0011372999997547595
0.0016482000000905828
0.001311200000145618
0.0016400999998040788
0.0014589000002160901
0.0016867999997884908
0.0023303999996642233
0.0018572999997559236
0.0013738999996348866
0.0018449000003784022
0.002269200000228011
0.0017717000000629923
0.0014899000002515095
0.002214399999957095
0.002072799999950803
0.002408800000011979
0.001898800000162737
0.0018189000002166722
0.0017083000002457993
0.0021315999997568724
0.0015349999998761632
0.0019405999996706669
0.0021886999999196632
0.0018512999999984459
0.001692100000013852
0.0018402000000605767
0.0019226999999091277
0.0018357999999807362
0.0019509999999627325
0.001407599999993181
0.002127299999983734
0.002522200000043995
0.0020714999999427164
0.0018358999999463776
0.002023499999950218
0.0017237000000704938
0.0023302999999259555
0.0018238000000110333
0.0019940999999334963
0.0015676000000439672
0.00175319999993917
0.0019673000000466345
0.0018251000000191198
0.0016845000000103028
0.0018061000000670901
0.0018471999999292166
0.0018089999999801876
0.06062440000005154
0.0018500000001040462
0.0019462999999859676
0.0018460000000004584
0.0022837999999865133
0.001410399999940637
0.0017685000000255968
0.002448400000048423
0.0020071000000143613
0.002183899999977257
0.0019098999999869193
0.0021079000000554515
0.0021318999999948574
0.0019164000000273518
0.0018150999999306805
0.0015755999999100823
0.00241649999998117
0.0018067999999402673
0.0026176000000077693
0.0018290000000433793
0.0020776999999725376
0.0019935000000259606
0.0023860000000013315
0.0015657999999802996
0.0018683999999211665
0.0020512999999482417
0.003853900000081012
0.0021687999999358
0.0013962000000447006
0.0021748999999999796
0.001980600000024424
0.002006800000117437
0.002142199999980221
0.002074199999924531
0.0023234999998749117
0.0017505000000710425
0.0020853999999417283
0.002152200000182347
0.0017401000000063505
0.001736700000037672
0.0019325999999182386
0.0020098999998481304
0.001982399999860718
0.0016444999998839194
0.0017096999999921536
0.0017467000000124244
0.0015230999999857886
0.0019792999999026506
0.0019070000000738219
0.0016269999998712592
0.0018991999997979292
0.001997099999925922
0.003560699999979988
0.002057199999853765
0.0016510000000380387
0.001463300000068557
0.0015965000000051077
0.0015571999999792752
0.0015200000000277214
0.0015521000000262575
0.0016192999999020685
0.0019530999998096377
0.0017297000001690321
0.002147400000012567
0.0018760000000384025
0.0015068000000155735
0.0019216000000596978
0.0016616999998859683
0.0018779000001813984
0.0018809999999120919
0.0021709000000100787
0.0018652999999630993
0.0018325999999433407
0.0015370000000984874
0.001495599999998376
0.0014421999999285617
0.0018563999999514635
0.001873800000112169
0.0020921000000271306
0.0026571999999305262
0.0019632999999430467
0.002327200000081575
0.0018978999999035295
0.0019122999999581225
0.001953399999820249
0.002441099999941798
0.0018466999999873224
0.001558100000011109
0.0022589000000152737
0.0017121000000770437
0.0021759999999630963
0.0017247999999199237
0.002113199999939752
0.0017963999998755753
0.001804200000151468
0.0019646999999167747
0.0017362999999477324
0.001655300000038551
0.0015482999999676395
0.0015676999998959218
0.0026222999999845342
0.0017431999999644177
0.0015986000000793865
0.0014896999998654792
0.00212069999997766
0.0019257999999808817
0.0016551999999592226
0.001350100000081511
0.0023554000001695385
0.0015969000000950473
0.0014259000001857203
0.003129200000103083
0.0013716999999360269
0.0014756999999008258
0.001671999999871332