0.00449079999999924
0.00017709999999837578
0.0027221000000032802
0.0015926999999997804
0.002372700000002226
0.002917799999998749
0.0014589999999969905
0.0017049000000000092
0.0011255000000005566
0.0012558999999967568
0.002417299999997624
0.0013129999999961228
0.0020621000000033973
0.003011900000004175
8.779999999575239e-05
0.0012319000000005076
0.0012778000000039924
0.0009525999999979717
0.0016138000000012198
0.001778299999998012
0.0012389999999982138
0.0016725999999991359
0.0018189999999975726
0.0011393000000055054
0.0011993000000032339
0.004061300000003598
0.0032578000000000884
0.001158599999996568
0.0017823000000021239
0.0014174000000011233
0.0026823999999976422
0.0011974999999964098
0.0011977999999999156
0.0010783000000031961
0.0011715999999992732
0.00115130000000363
0.0018834000000040874
0.0036398999999960324
0.0015466999999986797
0.0001925999999983219
0.0012334000000038259
0.001028800000000274
0.0010422999999946114
0.0010437000000038665
0.0038667000000032203
0.005033099999998569
0.002032800000002055
0.00145530000000349
0.001849699999993959
0.0028535000000005084
0.0011869000000004348
0.0019191000000020608
0.001832999999997753
0.0009981999999979507
0.0019727999999972212
0.001363999999995258
0.0015275999999957435
0.0019622000000012463
0.002156200000001718
0.0014447999999944727
0.0014469999999988659
0.0012195999999988771
0.0014275999999995292
0.0014579999999995152
0.0011551999999994678
0.0011241999999995755
0.0011340000000004125
0.0012099000000063143
0.002131599999998457
0.0027614999999912015
0.0013390000000015334
0.0022883000000035736
0.0017095000000040272
0.0015082999999975755
0.0012193000000024767
0.0013210999999984097
0.0011312999999972817
0.002125699999993458
0.0008855999999894948
0.0013923000000062302
0.002140699999998219
0.0009026000000034173
0.0016028000000005704
0.00015349999999614283
0.0014984999999967386
0.001458600000006527
0.0012155000000007021
0.0011867999999992662
0.0014745000000004893
0.0002159999999946649
0.001863799999995308
0.0016227999999927079
0.001752899999999613
0.0018100000000060845
0.0011893000000071652
0.001677200000003154
0.001419200000000842
0.0011853000000030534
0.0053740000000033206
0.00016189999999483007
0.0013084999999932734
0.0022391000000112626
0.002697900000001141
0.0010381999999964364
0.0014128999999911684
0.0014819000000017013
0.0016753000000022666
0.003130799999993883
0.0025651999999922737
0.0018990000000087548
0.0015470000000021855
0.0011831999999998288
0.0014563999999950283
0.0012520999999878768
0.0013334000000071455
0.00017780000000300333
0.0016983000000010406
0.0021954999999991287
0.013904199999998923
0.0012617000000005874
0.0016272000000014941
0.0031291000000095437
0.0013076999999981354
0.004841200000001322
0.0010898999999966463
0.0014565999999973656
0.0017418999999989637
0.008161900000004607
0.0040312000000000126
0.0024640000000033524
0.00397970000000214
0.001082300000007308
0.0012954000000036103
0.001733200000003876
0.0014202999999923804
0.002011800000005337
0.0015910999999988462
0.001571300000009046
0.0016364000000095302
0.0019010000000037053
0.0014618000000012898
0.0012403000000063003
0.0038083999999969365
0.0029365000000041164
0.00433089999999936
0.006440099999991844
0.0019626999999928785
0.003533399999994913
0.0017043999999941661
0.0014137999999945805
0.001289400000004548
0.0013548000000014326
0.001259000000004562
0.003151400000007243
8.009999999103457e-05
0.00184549999998751
0.0011566999999956806
0.010174000000006345
0.001806199999990099
0.0010793000000006714
0.004671100000010142
0.004746000000011463
0.002703600000003803
0.0013689000000027818
0.0014114000000091664
0.0015774999999962347
0.001325499999992985
0.0012143999999949529
0.0016593999999940934
0.0012078000000030897
0.0011170999999876585
0.001186599999996929
0.0038134999999925867
0.0016916999999949667
0.001758600000002275
0.004011499999990065
0.001094499999993559
0.00010570000000598156
0.0011629000000255019
0.00863800000001902
0.0037370000000009895
0.0014739000000076885
0.0012478999999814278
0.001650100000006205
0.001744599999994989
0.0023644999999987704
0.0032369999999843913
0.0011271000000192544
0.0014634000000057767
0.008135199999998122
0.0012527000000090993
0.0049966999999924155
0.000259599999992588
0.001678900000001704
0.02874570000000176
0.001045300000001248
0.0011570000000027392
0.0007201999999999487
0.0008473000000002173
0.0008660000000020318
0.0009505999999994685
0.0008161000000015406
0.0008733999999996911
0.0008815999999995938
0.0008646999999939453
0.0011080000000021073
0.0007992000000029975
0.000884200000001556
0.0010812000000015587
0.0008909999999957563
0.0010159999999999059
0.0008546999999978766
0.0008193999999974722
0.0007204999999999018
0.0008754999999993629
0.0007570000000001187
0.0013263999999963971
0.0007283999999998514
0.0007584000000022684
0.0007176000000015392
0.0008319000000014398
0.0006497999999979243
0.0008594999999971265
0.0008894000000054803
0.0006930999999994469
0.0006742000000059534
0.0009551999999999339
0.0007620999999957689
0.000858800000003157
0.0011068000000022948
0.0007738000000045986
0.0010639000000054466
0.0011508999999989555
0.0008659000000079686
0.0007091999999886411
8.389999999280917e-05
6.609999999795946e-05
0.0007525999999984379
0.0007193000000000893
0.0006769999999960419
0.001211999999995328
0.001184100000003241
0.0012406000000027007
0.001208000000005427
0.0007123000000035518
0.001108500000000845
0.0002093000000087386
0.0011004999999926213
0.001206500000009214
0.0011295999999987316
0.0010295000000013488
0.0011771000000067033
0.0011891999999988911
0.0020111000000042623
0.001389599999995994
0.001101099999999633
0.001682999999999879
0.001441400000004478
0.001215400000006639
0.001413400000004117
0.0010869999999982838
0.0016423000000003185
0.0009525999999908663
0.001764400000013211
0.0013638000000071315
0.0012576000000024123
0.0016293999999987818
0.0015848999999974467
9.279999997602317e-05
0.001281799999986788
0.0014591999999993277
0.0014603999999849293
0.0016578999999978805
0.0016217000000153803
0.0013045999999974356
0.0011784999999804313
0.001053399999989324
0.0009690999999918404
0.0015833000000213815
0.0012050999999928536
0.00110669999997981
0.0015822999999954845
0.0016524999999774082
0.0015725000000088585
0.0009466999999858672
0.001148900000004005
0.0011130999999977575
0.0010751000000084332
0.000419899999997142
0.001255700000001525
0.0011501999999836698
0.001123400000011543
0.0009908000000109496
0.0012022000000229127
0.0013695000000097934
0.001306700000014871
0.0015666000000180702
0.0010994000000152937
0.0012637999999753902
0.0015647999999828244
0.0015315000000271084
0.0013260999999999967
0.0011408000000017182
0.0013275000000021464
0.0015528000000131215
0.0011689999999759948
0.0012700999999992746
0.0013677000000029693
0.0021879999999896427
0.002716700000007677
0.0019382000000121025
0.0002868999999918742
0.0012953000000095471
0.001806999999985237
0.0018435000000067703
0.0013477999999906842
0.0014103000000034172
0.001780100000019047
0.0015177999999878011
0.0011080999999819596
0.0009833000000014636
0.0013334999999869979
0.0011312999999972817
0.0005206000000157474
0.0015742000000216194
0.0012894000000187589
0.0011874999999861302
0.0013660999999842716
0.001403399999986732
0.0015348000000017237
0.0013354000000163069
0.0015726999999969848
0.0012304999999628308
0.0011357000000202788
0.001088799999990897
0.0013606999999637992
0.0010338999999817133
0.0022232000000030894
0.001364799999976185
0.001294400000006135
0.0013880999999855703
0.0010755000000131076
0.0012045000000284745
0.0009598999999980151
0.0010484000000019478
0.001152599999954873
0.0010614999999916108
0.001227499999970405
0.0011926999999900545
0.002301699999975426
0.001040299999999661
0.0010934000000020205
0.0012085000000183754
0.0012548000000265347
0.0018006999999897744
0.0013743999999746848
0.001566500000024007
0.0012250999999992018
0.001626999999984946
0.0017436999999631553
0.0013258000000178072
0.0014987000000132866
0.0010426000000052227
0.0013974000000303022
0.0011547999999947933
0.0011895999999751439
0.0011172000000101434
0.0012546000000384083
0.0010475000000269574
0.0012380000000007385
0.0014664000000266242
0.0014616000000273743
0.0016478000000006432
0.0011532999999985805
0.001538299999992887
0.0012710999999967498
0.0011215999999762971
0.0010430000000383188
0.0002583000000413449
0.0016127999999753229
0.0015227000000095359
0.001180399999952897
0.0011551000000054046
0.0015121999999792024
0.00104679999998325
0.0012453000000505199
0.0014011999999752334
0.001473199999963981
0.0015111000000160857
0.000988399999982903
0.0012324000000489832
0.0012537000000065746
0.0010675999999989472
0.0014145999999755077
0.001160500000025877
0.0011569000000122287