0.0014091000000462373
0.0019377999999505846
0.0017593999999689913
0.0015187999999852764
0.0014327000000093904
0.001274299999977302
0.0015652999999247186
0.0013295999999627384
0.0019257999999808817
0.0014046999999663967
0.00171100000000024
0.002335900000048241
0.002232600000070306
0.0014964000000645683
0.002456399999914538
0.0015505000000075597
0.0011551000000054046
0.0011735000000498985
0.0013549000000239175
0.0014649000000872547
0.0019388000000617467
0.0015084999999999127
0.0013374000000112574
0.0012906999999131585
0.0014513999999508087
0.0017014999999673819
0.0015005000000201107
0.0015036999999438194
0.0012278000000378597
0.0016741999999112522
0.001534100000071703
0.0011431000000357017
0.00217120000002069
0.0012236999999686304
0.0015674999999646388
0.0021037999999862222
0.0013692999999648237
0.002214099999946484
0.0018519999999853098
0.0014331999999512846
0.0015985000000000582
0.0015452999999752137
0.002376400000002832
0.001407400000061898
0.001576499999941916
0.0015760000000000218
0.001634800000033465
0.0016213000000107058
0.000950200000033874
0.0010919999999714491
0.0016244000000824599
0.0012532000000646804
0.002026099999966391
0.0010652000000845874
0.0013435000000754371
0.0018030999999609776
0.001688800000010815
0.001479799999970055
0.0014281999999639083
0.001350100000081511
0.0016339999999672727
0.001569199999948978
0.0012200999999549822
0.0013680000001841108
0.0012403000000631437
0.0011787999999341991
0.0013186999999561522
0.0015525999999681517
0.0014613000000736065
0.0023135999999794876
0.0016933000001699838
0.0013822999999320018
0.0016358000000309403
0.001038200000039069
0.0017672999999831518
0.0014880999999604683
0.0016127999999753229
0.0015779000000293308
0.0013758000000052562
0.0015038000001368346
0.0015660999999909109
0.0010391000000709028
0.001634299999977884
0.0014286999999058025
0.0021090000000185682
0.0019657999998798914
0.0017840000000433065
0.0018187000000580156
0.0016497999999955937
0.001213199999938297
0.0013802999999370513
0.001879000000144515
0.0014377999998487212
0.0013246999999410036
0.001255700000001525
0.0014679000000796805
0.0014386000000286003
0.0017779000002065004
0.001452700000072582
0.0013467999999647873
0.0012642000001505949
0.001901099999940925
0.0021044000000074448
0.0010818999999173684
0.0016282999999930325
0.001989600000115388
0.0017569999999977881
0.001601800000116782
0.0011916000000837812
0.0014392000000498228
0.0014245999998365733
0.0020294999999350694
0.0014644999998836283
0.0016796999998405227
0.001536900000019159
0.0019468999998935033
0.0013068999999177322
0.00169940000000679
0.0010753999999906227
0.0012180999999600317
0.0015164999999797146
0.0018585000000257423
0.0015495000000100845
0.001539500000035332
0.0014356000001498614
0.0015129999999317079
0.0015680000001339067
0.0013512999998965824
0.0019910999999410706
0.0024716000000353233
0.001439699999991717
0.0012279999998554558
0.0016674000000875822
0.0017141999999239488
0.0015885000000253058
0.0034579000000576343
0.0014656999999260734
0.0013443000000279426
0.001429800000096293
0.0012994000001071981
0.0015023000000837783
0.001783599999953367
0.00146349999999984
0.0016235000000506261
0.0017677000000730914
0.0017639000000144733
0.0016048999998474756
0.0014960999999402702
0.0016376999999465625
0.00169000000005326
0.0014934999999240972
0.0012724999999136344
0.0016293999999561493
0.0021240000000943837
0.0015183999998953368
0.0018670999997993931
0.0014367999999649328
0.0011112000001958222
0.0017215999998825282
0.0013017000001127599
0.0014366000000336498
0.001333499999873311
0.0014793999998801155
0.0018003000000135216
0.001508299999841256
0.0014598000000205502
0.0024623000001611217
0.0018127999999251188
0.0012609999998858257
0.0012635999999019987
0.0014129000001048553
0.0011946999998144747
0.0016851000000315253
0.001102599999967424
0.0010919000001194945
0.0013721000000259664
0.0014000999999552732
0.0009638000001359615
0.0024246999998922547
0.0017000000000280124
0.001957499999889478
0.0016815000001315639
0.001562799999874187
0.0014354999998431595
0.001698000000033062
0.0012569999998959247
0.0015872000001309061
0.0012146999999913533
0.0012676000001192733
0.0014779999999063875
0.0012421999999787658
0.001470100000005914
0.0015253999999913503
0.001438699999880555
0.001729099999920436
0.001496499999802836
0.0016508999999587104
0.0031042999999044696
0.0014507999999295862
0.0012604999999439315